6.250000000000000000e+00 -8.750000000000001776e+00
6.896347943377567624e+00 -1.068904383013270376e+01
7.713144839937363884e+00 -1.313943451981209343e+01
8.685121676071606345e+00 -1.605536502821482259e+01
9.775883378929417944e+00 -1.932765013678825028e+01
1.092886844455538053e+01 -2.278660533366613805e+01
1.207147315676274246e+01 -2.621441947028823094e+01
1.312199408023955804e+01 -2.936598224071867236e+01
1.399853162492487080e+01 -3.199559487477461062e+01
1.462861355394059437e+01 -3.388584066182178844e+01
1.495811557101571410e+01 -3.487434671304714584e+01
1.495811557101571410e+01 -3.487434671304714584e+01
1.462861355394059437e+01 -3.388584066182178844e+01
1.399853162492487080e+01 -3.199559487477461062e+01
1.312199408023955804e+01 -2.936598224071867236e+01
1.207147315676274246e+01 -2.621441947028823094e+01
1.092886844455538409e+01 -2.278660533366615226e+01
9.775883378929417944e+00 -1.932765013678825028e+01
8.685121676071606345e+00 -1.605536502821482259e+01
7.713144839937366548e+00 -1.313943451981209876e+01
6.896347943377567624e+00 -1.068904383013270376e+01
6.250000000000000000e+00 -8.750000000000001776e+00
5.770254034924406028e+00 -7.310762104773216308e+00
5.438459756377654664e+00 -6.315379269132964879e+00
5.226791566958140400e+00 -5.680374700874422089e+00
5.104087779696601324e+00 -5.312263339089803971e+00
5.040893704495529093e+00 -5.122681113486588167e+00
5.012980345573436303e+00 -5.038941036720309796e+00
5.003005919760443732e+00 -5.009017759281331195e+00
5.000412894436980338e+00 -5.001238683310940125e+00
5.000019700693478342e+00 -5.000059102080435025e+00
5.000000027328514562e+00 -5.000000081985542799e+00
5.000000027328514562e+00 -5.000000081985542799e+00
5.000019700693478342e+00 -5.000059102080435025e+00
5.000412894436980338e+00 -5.001238683310940125e+00
5.003005919760443732e+00 -5.009017759281331195e+00
5.012980345573436303e+00 -5.038941036720309796e+00
5.040893704495529093e+00 -5.122681113486587279e+00
5.104087779696600435e+00 -5.312263339089801306e+00
5.226791566958141289e+00 -5.680374700874424754e+00
5.438459756377654664e+00 -6.315379269132964879e+00
5.770254034924406028e+00 -7.310762104773216308e+00
6.249999999999999112e+00 -8.749999999999998224e+00
6.896347943377564071e+00 -1.068904383013269310e+01
7.713144839937363884e+00 -1.313943451981209343e+01
8.685121676071606345e+00 -1.605536502821482259e+01
9.775883378929421497e+00 -1.932765013678826449e+01
1.092886844455537165e+01 -2.278660533366611674e+01
1.207147315676274779e+01 -2.621441947028824160e+01
1.312199408023955804e+01 -2.936598224071867236e+01
1.399853162492486547e+01 -3.199559487477459285e+01
1.462861355394059437e+01 -3.388584066182178844e+01
1.495811557101571410e+01 -3.487434671304714584e+01
1.495811557101571410e+01 -3.487434671304714584e+01
1.462861355394059437e+01 -3.388584066182178844e+01
1.399853162492487613e+01 -3.199559487477463193e+01
1.312199408023956337e+01 -2.936598224071869012e+01
1.207147315676274246e+01 -2.621441947028823094e+01
1.092886844455537698e+01 -2.278660533366612739e+01
9.775883378929410839e+00 -1.932765013678822896e+01
8.685121676071609897e+00 -1.605536502821482969e+01
7.713144839937362107e+00 -1.313943451981208632e+01
6.896347943377571177e+00 -1.068904383013271264e+01
6.250000000000001776e+00 -8.750000000000005329e+00
5.770254034924409581e+00 -7.310762104773228742e+00
5.438459756377653775e+00 -6.315379269132961326e+00
5.226791566958141289e+00 -5.680374700874423866e+00
5.104087779696600435e+00 -5.312263339089802194e+00
5.040893704495529093e+00 -5.122681113486587279e+00
5.012980345573436303e+00 -5.038941036720309796e+00
5.003005919760443732e+00 -5.009017759281332083e+00
5.000412894436980338e+00 -5.001238683310940125e+00
5.000019700693478342e+00 -5.000059102080435025e+00
5.000000027328514562e+00 -5.000000081985542799e+00
5.000000027328514562e+00 -5.000000081985542799e+00
5.000019700693478342e+00 -5.000059102080435025e+00
5.000412894436980338e+00 -5.001238683310940125e+00
5.003005919760443732e+00 -5.009017759281331195e+00
5.012980345573437191e+00 -5.038941036720310684e+00
5.040893704495529093e+00 -5.122681113486588167e+00
5.104087779696600435e+00 -5.312263339089801306e+00
5.226791566958138624e+00 -5.680374700874415872e+00
5.438459756377655552e+00 -6.315379269132967543e+00
5.770254034924406916e+00 -7.310762104773221637e+00
6.249999999999998224e+00 -8.749999999999994671e+00
6.896347943377567624e+00 -1.068904383013270376e+01
7.713144839937357666e+00 -1.313943451981207211e+01
8.685121676071604568e+00 -1.605536502821481548e+01
9.775883378929417944e+00 -1.932765013678825028e+01
1.092886844455537165e+01 -2.278660533366611674e+01
1.207147315676273713e+01 -2.621441947028821318e+01
1.312199408023954561e+01 -2.936598224071864038e+01
1.399853162492487080e+01 -3.199559487477461062e+01
1.462861355394059437e+01 -3.388584066182178844e+01
1.495811557101571410e+01 -3.487434671304714584e+01
1.495811557101572120e+01 -3.487434671304716005e+01
1.462861355394058904e+01 -3.388584066182176002e+01
1.399853162492487080e+01 -3.199559487477461062e+01
1.312199408023955272e+01 -2.936598224071865459e+01
1.207147315676274779e+01 -2.621441947028824160e+01
1.092886844455539297e+01 -2.278660533366618068e+01
9.775883378929414391e+00 -1.932765013678824317e+01
8.685121676071599239e+00 -1.605536502821479417e+01
7.713144839937353225e+00 -1.313943451981205968e+01
6.896347943377572065e+00 -1.068904383013271797e+01
6.250000000000001776e+00 -8.750000000000005329e+00
5.770254034924406028e+00 -7.310762104773216308e+00
5.438459756377654664e+00 -6.315379269132963103e+00
5.226791566958141289e+00 -5.680374700874423866e+00
5.104087779696602212e+00 -5.312263339089805747e+00
5.040893704495529981e+00 -5.122681113486589943e+00
5.012980345573436303e+00 -5.038941036720308908e+00
5.003005919760443732e+00 -5.009017759281332083e+00
5.000412894436980338e+00 -5.001238683310940125e+00
5.000019700693478342e+00 -5.000059102080435025e+00
5.000000027328514562e+00 -5.000000081985542799e+00
5.000000027328514562e+00 -5.000000081985542799e+00
5.000019700693478342e+00 -5.000059102080435025e+00
5.000412894436980338e+00 -5.001238683310940125e+00
5.003005919760443732e+00 -5.009017759281331195e+00
5.012980345573436303e+00 -5.038941036720308908e+00
5.040893704495528205e+00 -5.122681113486584614e+00
5.104087779696602212e+00 -5.312263339089806635e+00
5.226791566958142177e+00 -5.680374700874425642e+00
5.438459756377655552e+00 -6.315379269132965767e+00
5.770254034924402475e+00 -7.310762104773207426e+00
6.249999999999991118e+00 -8.749999999999973355e+00
6.896347943377584500e+00 -1.068904383013275350e+01
7.713144839937335462e+00 -1.313943451981200639e+01
8.685121676071617003e+00 -1.605536502821484746e+01
9.775883378929417944e+00 -1.932765013678825028e+01
1.092886844455537165e+01 -2.278660533366611674e+01
1.207147315676272292e+01 -2.621441947028817054e+01
1.312199408023952962e+01 -2.936598224071858709e+01
1.399853162492488323e+01 -3.199559487477464614e+01
1.462861355394059437e+01 -3.388584066182178844e+01
1.495811557101571410e+01 -3.487434671304714584e+01
1.495811557101572120e+01 -3.487434671304716005e+01
1.462861355394060148e+01 -3.388584066182180266e+01
1.399853162492488856e+01 -3.199559487477466746e+01
1.312199408023958469e+01 -2.936598224071875407e+01
1.207147315676273358e+01 -2.621441947028819897e+01
1.092886844455538053e+01 -2.278660533366613805e+01
9.775883378929428602e+00 -1.932765013678828581e+01
8.685121676071627661e+00 -1.605536502821488298e+01
7.713144839937386976e+00 -1.313943451981216093e+01
6.896347943377556078e+00 -1.068904383013266823e+01
6.249999999999995559e+00 -8.749999999999987566e+00
5.770254034924406028e+00 -7.310762104773218084e+00
5.438459756377657328e+00 -6.315379269132972873e+00
5.226791566958143953e+00 -5.680374700874430971e+00
5.104087779696598659e+00 -5.312263339089796865e+00
5.040893704495530869e+00 -5.122681113486591720e+00
5.012980345573436303e+00 -5.038941036720309796e+00
5.003005919760443732e+00 -5.009017759281331195e+00
5.000412894436980338e+00 -5.001238683310940125e+00
5.000019700693478342e+00 -5.000059102080435025e+00
5.000000027328514562e+00 -5.000000081985542799e+00
5.000000027328514562e+00 -5.000000081985542799e+00
5.000019700693478342e+00 -5.000059102080435025e+00
5.000412894436980338e+00 -5.001238683310940125e+00
5.003005919760443732e+00 -5.009017759281331195e+00
5.012980345573436303e+00 -5.038941036720308908e+00
5.040893704495529981e+00 -5.122681113486589943e+00
5.104087779696602212e+00 -5.312263339089806635e+00
5.226791566958141289e+00 -5.680374700874424754e+00
5.438459756377654664e+00 -6.315379269132964879e+00
5.770254034924401587e+00 -7.310762104773203873e+00
6.249999999999989342e+00 -8.749999999999969802e+00
6.896347943377582723e+00 -1.068904383013274817e+01
7.713144839937375430e+00 -1.313943451981212540e+01
8.685121676071613450e+00 -1.605536502821484035e+01
9.775883378929414391e+00 -1.932765013678824317e+01
1.092886844455536632e+01 -2.278660533366610252e+01
1.207147315676272292e+01 -2.621441947028817054e+01
1.312199408023952962e+01 -2.936598224071858709e+01
1.399853162492487613e+01 -3.199559487477463193e+01
1.462861355394057483e+01 -3.388584066182172450e+01
1.495811557101571410e+01 -3.487434671304714584e+01
1.495811557101572120e+01 -3.487434671304716005e+01
1.462861355394060148e+01 -3.388584066182180266e+01
1.399853162492488856e+01 -3.199559487477466746e+01
1.312199408023959002e+01 -2.936598224071877183e+01
1.207147315676273713e+01 -2.621441947028821318e+01
1.092886844455538409e+01 -2.278660533366615226e+01
9.775883378929432155e+00 -1.932765013678829291e+01
8.685121676071627661e+00 -1.605536502821488298e+01
7.713144839937386976e+00 -1.313943451981216093e+01
6.896347943377592493e+00 -1.068904383013277837e+01
6.249999999999996447e+00 -8.749999999999991118e+00
5.770254034924406028e+00 -7.310762104773218084e+00
5.438459756377658216e+00 -6.315379269132974649e+00
5.226791566958135959e+00 -5.680374700874408767e+00
5.104087779696603100e+00 -5.312263339089810188e+00
5.040893704495529093e+00 -5.122681113486585502e+00
5.012980345573437191e+00 -5.038941036720312461e+00
5.003005919760443732e+00 -5.009017759281331195e+00
5.000412894436980338e+00 -5.001238683310940125e+00
5.000019700693478342e+00 -5.000059102080435025e+00
5.000000027328514562e+00 -5.000000081985542799e+00
5.000000027328514562e+00 -5.000000081985542799e+00
5.000019700693478342e+00 -5.000059102080435025e+00
5.000412894436980338e+00 -5.001238683310940125e+00
5.003005919760443732e+00 -5.009017759281331195e+00
5.012980345573437191e+00 -5.038941036720311573e+00
5.040893704495528205e+00 -5.122681113486583726e+00
5.104087779696602212e+00 -5.312263339089806635e+00
5.226791566958141289e+00 -5.680374700874423866e+00
5.438459756377654664e+00 -6.315379269132963103e+00
5.770254034924400699e+00 -7.310762104773202097e+00
6.249999999999988454e+00 -8.749999999999966249e+00
6.896347943377580947e+00 -1.068904383013274284e+01
7.713144839937375430e+00 -1.313943451981212540e+01
8.685121676071613450e+00 -1.605536502821484035e+01
9.775883378929414391e+00 -1.932765013678824317e+01
1.092886844455536632e+01 -2.278660533366610252e+01
1.207147315676271759e+01 -2.621441947028815278e+01
1.312199408023957403e+01 -2.936598224071872210e+01
1.399853162492484060e+01 -3.199559487477452180e+01
1.462861355394059437e+01 -3.388584066182178844e+01
1.495811557101570699e+01 -3.487434671304712452e+01
1.495811557101572120e+01 -3.487434671304716005e+01
1.462861355394058194e+01 -3.388584066182174581e+01
1.399853162492488856e+01 -3.199559487477466746e+01
1.312199408023959002e+01 -2.936598224071877183e+01
1.207147315676279220e+01 -2.621441947028838015e+01
1.092886844455538409e+01 -2.278660533366615226e+01
9.775883378929432155e+00 -1.932765013678829291e+01
8.685121676071631214e+00 -1.605536502821489364e+01
7.713144839937346120e+00 -1.313943451981204014e+01
6.896347943377594270e+00 -1.068904383013278192e+01
6.250000000000024869e+00 -8.750000000000076383e+00
5.770254034924406916e+00 -7.310762104773221637e+00
5.438459756377659104e+00 -6.315379269132976425e+00
5.226791566958143953e+00 -5.680374700874432747e+00
5.104087779696603100e+00 -5.312263339089810188e+00
5.040893704495529093e+00 -5.122681113486586391e+00
5.012980345573436303e+00 -5.038941036720309796e+00
5.003005919760443732e+00 -5.009017759281332083e+00
5.000412894436980338e+00 -5.001238683310940125e+00
5.000019700693478342e+00 -5.000059102080435025e+00
5.000000027328514562e+00 -5.000000081985542799e+00
5.000000027328514562e+00 -5.000000081985542799e+00
5.000019700693478342e+00 -5.000059102080435025e+00
5.000412894436980338e+00 -5.001238683310940125e+00
5.003005919760443732e+00 -5.009017759281330306e+00
5.012980345573436303e+00 -5.038941036720308908e+00
5.040893704495529981e+00 -5.122681113486589943e+00
5.104087779696597771e+00 -5.312263339089793313e+00
5.226791566958133295e+00 -5.680374700874400773e+00
5.438459756377653775e+00 -6.315379269132961326e+00
5.770254034924399811e+00 -7.310762104773200321e+00
6.249999999999987566e+00 -8.749999999999962697e+00
6.896347943377580947e+00 -1.068904383013274284e+01
7.713144839937372765e+00 -1.313943451981212007e+01
8.685121676071560159e+00 -1.605536502821468403e+01
9.775883378929355771e+00 -1.932765013678806554e+01
1.092886844455541961e+01 -2.278660533366625529e+01
1.207147315676271759e+01 -2.621441947028815278e+01
1.312199408023952962e+01 -2.936598224071858709e+01
1.399853162492487613e+01 -3.199559487477463193e+01
1.462861355394059437e+01 -3.388584066182178844e+01
1.495811557101571410e+01 -3.487434671304714584e+01
1.495811557101572831e+01 -3.487434671304718137e+01
1.462861355394060148e+01 -3.388584066182180266e+01
1.399853162492488856e+01 -3.199559487477466746e+01
1.312199408023959002e+01 -2.936598224071877183e+01
1.207147315676273713e+01 -2.621441947028821318e+01
1.092886844455538764e+01 -2.278660533366616647e+01
9.775883378929435708e+00 -1.932765013678830712e+01
8.685121676071631214e+00 -1.605536502821489364e+01
7.713144839937391417e+00 -1.313943451981217336e+01
6.896347943377559631e+00 -1.068904383013267889e+01
6.250000000000024869e+00 -8.750000000000076383e+00
5.770254034924407804e+00 -7.310762104773223413e+00
5.438459756377659104e+00 -6.315379269132977313e+00
5.226791566958144841e+00 -5.680374700874433636e+00
5.104087779696599547e+00 -5.312263339089798642e+00
5.040893704495530869e+00 -5.122681113486592608e+00
5.012980345573436303e+00 -5.038941036720309796e+00
5.003005919760443732e+00 -5.009017759281332083e+00
5.000412894436980338e+00 -5.001238683310940125e+00
5.000019700693478342e+00 -5.000059102080435025e+00
5.000000027328514562e+00 -5.000000081985542799e+00
5.000000027328514562e+00 -5.000000081985542799e+00
5.000019700693478342e+00 -5.000059102080435025e+00
5.000412894436980338e+00 -5.001238683310940125e+00
5.003005919760443732e+00 -5.009017759281331195e+00
5.012980345573436303e+00 -5.038941036720308908e+00
5.040893704495528205e+00 -5.122681113486583726e+00
5.104087779696597771e+00 -5.312263339089792424e+00
5.226791566958140400e+00 -5.680374700874422089e+00
5.438459756377652887e+00 -6.315379269132959550e+00
5.770254034924398923e+00 -7.310762104773197656e+00
6.249999999999987566e+00 -8.749999999999962697e+00
6.896347943377544532e+00 -1.068904383013263271e+01
7.713144839937328356e+00 -1.313943451981198507e+01
8.685121676071609897e+00 -1.605536502821482969e+01
9.775883378929410839e+00 -1.932765013678822896e+01
1.092886844455536277e+01 -2.278660533366608831e+01
1.207147315676266430e+01 -2.621441947028798936e+01
1.312199408023952429e+01 -2.936598224071857288e+01
1.399853162492487613e+01 -3.199559487477463193e+01
1.462861355394056773e+01 -3.388584066182170318e+01
1.495811557101570699e+01 -3.487434671304712452e+01
1.495811557101572120e+01 -3.487434671304716005e+01
1.462861355394060681e+01 -3.388584066182181687e+01
1.399853162492489389e+01 -3.199559487477468522e+01
1.312199408023954561e+01 -2.936598224071864038e+01
1.207147315676274246e+01 -2.621441947028823094e+01
1.092886844455544448e+01 -2.278660533366633700e+01
9.775883378929488998e+00 -1.932765013678846699e+01
8.685121676071585028e+00 -1.605536502821475153e+01
7.713144839937391417e+00 -1.313943451981217336e+01
6.896347943377596046e+00 -1.068904383013278903e+01
6.250000000000000000e+00 -8.750000000000001776e+00
5.770254034924408693e+00 -7.310762104773225190e+00
5.438459756377659993e+00 -6.315379269132979090e+00
5.226791566958152835e+00 -5.680374700874457616e+00
5.104087779696599547e+00 -5.312263339089798642e+00
5.040893704495530869e+00 -5.122681113486592608e+00
5.012980345573437191e+00 -5.038941036720312461e+00
5.003005919760443732e+00 -5.009017759281332083e+00
5.000412894436980338e+00 -5.001238683310940125e+00
5.000019700693478342e+00 -5.000059102080435025e+00
5.000000027328514562e+00 -5.000000081985542799e+00
5.000000027328514562e+00 -5.000000081985542799e+00
5.000019700693478342e+00 -5.000059102080435025e+00
5.000412894436980338e+00 -5.001238683310940125e+00
5.003005919760443732e+00 -5.009017759281331195e+00
5.012980345573436303e+00 -5.038941036720308908e+00
5.040893704495528205e+00 -5.122681113486583726e+00
5.104087779696601324e+00 -5.312263339089804859e+00
5.226791566958140400e+00 -5.680374700874422089e+00
5.438459756377640453e+00 -6.315379269132921358e+00
5.770254034924379383e+00 -7.310762104773138148e+00
6.249999999999986677e+00 -8.749999999999959144e+00
6.896347943377577394e+00 -1.068904383013273218e+01
7.713144839937370989e+00 -1.313943451981211297e+01
8.685121676071558383e+00 -1.605536502821467337e+01
9.775883378929407286e+00 -1.932765013678821830e+01
1.092886844455535922e+01 -2.278660533366607410e+01
1.207147315676271404e+01 -2.621441947028813857e+01
1.312199408023956870e+01 -2.936598224071870433e+01
1.399853162492484060e+01 -3.199559487477452180e+01
1.462861355394056773e+01 -3.388584066182170318e+01
1.495811557101571410e+01 -3.487434671304714584e+01
1.495811557101572120e+01 -3.487434671304716005e+01
1.462861355394060681e+01 -3.388584066182181687e+01
1.399853162492493119e+01 -3.199559487477479536e+01
1.312199408023959535e+01 -2.936598224071878960e+01
1.207147315676279753e+01 -2.621441947028839081e+01
1.092886844455538764e+01 -2.278660533366616647e+01
9.775883378929385970e+00 -1.932765013678815436e+01
8.685121676071682728e+00 -1.605536502821504996e+01
7.713144839937394082e+00 -1.313943451981218047e+01
6.896347943377597822e+00 -1.068904383013279258e+01
6.250000000000000000e+00 -8.750000000000001776e+00
5.770254034924409581e+00 -7.310762104773228742e+00
5.438459756377673315e+00 -6.315379269133019058e+00
5.226791566958144841e+00 -5.680374700874434524e+00
5.104087779696603988e+00 -5.312263339089811964e+00
5.040893704495530869e+00 -5.122681113486592608e+00
5.012980345573436303e+00 -5.038941036720309796e+00
5.003005919760443732e+00 -5.009017759281332083e+00
5.000412894436980338e+00 -5.001238683310940125e+00
5.000019700693478342e+00 -5.000059102080435025e+00
5.000000027328514562e+00 -5.000000081985542799e+00
5.000000027328514562e+00 -5.000000081985542799e+00
5.000019700693478342e+00 -5.000059102080435025e+00
5.000412894436980338e+00 -5.001238683310940125e+00
5.003005919760443732e+00 -5.009017759281331195e+00
5.012980345573436303e+00 -5.038941036720308908e+00
5.040893704495527317e+00 -5.122681113486583726e+00
5.104087779696596883e+00 -5.312263339089791536e+00
5.226791566958133295e+00 -5.680374700874398997e+00
5.438459756377639565e+00 -6.315379269132920470e+00
5.770254034924417574e+00 -7.310762104773251835e+00
6.250000000000012434e+00 -8.750000000000035527e+00
6.896347943377508116e+00 -1.068904383013252257e+01
7.713144839937325692e+00 -1.313943451981197796e+01
8.685121676071604568e+00 -1.605536502821481548e+01
9.775883378929407286e+00 -1.932765013678821830e+01
1.092886844455535922e+01 -2.278660533366607410e+01
1.207147315676276733e+01 -2.621441947028830199e+01
1.312199408023952429e+01 -2.936598224071857288e+01
1.399853162492483349e+01 -3.199559487477450048e+01
1.462861355394059437e+01 -3.388584066182178844e+01
1.495811557101571410e+01 -3.487434671304714584e+01
1.495811557101571410e+01 -3.487434671304714584e+01
1.462861355394062635e+01 -3.388584066182188081e+01
1.399853162492489389e+01 -3.199559487477468522e+01
1.312199408023955272e+01 -2.936598224071865459e+01
1.207147315676274779e+01 -2.621441947028824160e+01
1.092886844455533790e+01 -2.278660533366601371e+01
9.775883378929439260e+00 -1.932765013678831423e+01
8.685121676071636543e+00 -1.605536502821490785e+01
7.713144839937395858e+00 -1.313943451981218757e+01
6.896347943377564071e+00 -1.068904383013269310e+01
6.250000000000001776e+00 -8.750000000000005329e+00
5.770254034924429121e+00 -7.310762104773287362e+00
5.438459756377660881e+00 -6.315379269132982643e+00
5.226791566958144841e+00 -5.680374700874435412e+00
5.104087779696599547e+00 -5.312263339089799530e+00
5.040893704495529093e+00 -5.122681113486587279e+00
5.012980345573437191e+00 -5.038941036720312461e+00
5.003005919760443732e+00 -5.009017759281332083e+00
5.000412894436980338e+00 -5.001238683310940125e+00
5.000019700693478342e+00 -5.000059102080435025e+00
5.000000027328514562e+00 -5.000000081985542799e+00
5.000000027328514562e+00 -5.000000081985542799e+00
5.000019700693478342e+00 -5.000059102080435025e+00
5.000412894436980338e+00 -5.001238683310940125e+00
5.003005919760443732e+00 -5.009017759281331195e+00
5.012980345573437191e+00 -5.038941036720310684e+00
5.040893704495529981e+00 -5.122681113486589055e+00
5.104087779696596883e+00 -5.312263339089791536e+00
5.226791566958140400e+00 -5.680374700874420313e+00
5.438459756377651999e+00 -6.315379269132956885e+00
5.770254034924416686e+00 -7.310762104773250059e+00
6.249999999999984013e+00 -8.749999999999952038e+00
6.896347943377506340e+00 -1.068904383013251902e+01
7.713144839937366548e+00 -1.313943451981209876e+01
8.685121676071654306e+00 -1.605536502821496114e+01
9.775883378929403733e+00 -1.932765013678820765e+01
1.092886844455535922e+01 -2.278660533366607410e+01
1.207147315676276378e+01 -2.621441947028828778e+01
1.312199408023951896e+01 -2.936598224071855512e+01
1.399853162492487080e+01 -3.199559487477461062e+01
1.462861355394058904e+01 -3.388584066182176002e+01
1.495811557101571410e+01 -3.487434671304714584e+01
1.495811557101572120e+01 -3.487434671304716005e+01
1.462861355394060681e+01 -3.388584066182181687e+01
1.399853162492489389e+01 -3.199559487477468522e+01
1.312199408023950653e+01 -2.936598224071852314e+01
1.207147315676280286e+01 -2.621441947028840858e+01
1.092886844455544981e+01 -2.278660533366634766e+01
9.775883378929387746e+00 -1.932765013678816501e+01
8.685121676071590358e+00 -1.605536502821476930e+01
7.713144839937310593e+00 -1.313943451981193178e+01
6.896347943377598710e+00 -1.068904383013279791e+01
6.249999999999976019e+00 -8.749999999999927169e+00
5.770254034924391817e+00 -7.310762104773173675e+00
5.438459756377648446e+00 -6.315379269132945339e+00
5.226791566958122637e+00 -5.680374700874367022e+00
5.104087779696600435e+00 -5.312263339089799530e+00
5.040893704495529093e+00 -5.122681113486587279e+00
5.012980345573437191e+00 -5.038941036720310684e+00
5.003005919760443732e+00 -5.009017759281332083e+00
5.000412894436980338e+00 -5.001238683310940125e+00
5.000019700693478342e+00 -5.000059102080435025e+00
5.000000027328514562e+00 -5.000000081985542799e+00
5.000000027328514562e+00 -5.000000081985542799e+00
5.000019700693478342e+00 -5.000059102080435025e+00
5.000412894436980338e+00 -5.001238683310940125e+00
5.003005919760443732e+00 -5.009017759281332083e+00
5.012980345573437191e+00 -5.038941036720310684e+00
5.040893704495529981e+00 -5.122681113486589055e+00
5.104087779696609317e+00 -5.312263339089828840e+00
5.226791566958140400e+00 -5.680374700874420313e+00
5.438459756377651999e+00 -6.315379269132955997e+00
5.770254034924434450e+00 -7.310762104773303349e+00
6.249999999999984013e+00 -8.749999999999952038e+00
6.896347943377609369e+00 -1.068904383013282811e+01
7.713144839937409181e+00 -1.313943451981222665e+01
8.685121676071553054e+00 -1.605536502821465561e+01
9.775883378929457024e+00 -1.932765013678837107e+01
1.092886844455541073e+01 -2.278660533366623042e+01
1.207147315676276378e+01 -2.621441947028828778e+01
1.312199408023965930e+01 -2.936598224071897434e+01
1.399853162492487080e+01 -3.199559487477461062e+01
1.462861355394058904e+01 -3.388584066182176002e+01
1.495811557101573364e+01 -3.487434671304720268e+01
1.495811557101572120e+01 -3.487434671304716005e+01
1.462861355394056240e+01 -3.388584066182168897e+01
1.399853162492482817e+01 -3.199559487477448272e+01
1.312199408023960245e+01 -2.936598224071880381e+01
1.207147315676269805e+01 -2.621441947028809238e+01
1.092886844455534145e+01 -2.278660533366602436e+01
9.775883378929387746e+00 -1.932765013678816501e+01
8.685121676071590358e+00 -1.605536502821476930e+01
7.713144839937355002e+00 -1.313943451981206678e+01
6.896347943377565848e+00 -1.068904383013269666e+01
6.249999999999950262e+00 -8.749999999999850786e+00
5.770254034924411357e+00 -7.310762104773232295e+00
5.438459756377660881e+00 -6.315379269132983531e+00
5.226791566958130630e+00 -5.680374700874391003e+00
5.104087779696603988e+00 -5.312263339089812852e+00
5.040893704495527317e+00 -5.122681113486581062e+00
5.012980345573434526e+00 -5.038941036720303579e+00
5.003005919760443732e+00 -5.009017759281332083e+00
5.000412894436980338e+00 -5.001238683310940125e+00
5.000019700693478342e+00 -5.000059102080435025e+00
5.000000027328514562e+00 -5.000000081985542799e+00
5.000000027328514562e+00 -5.000000081985542799e+00
5.000019700693478342e+00 -5.000059102080435025e+00
5.000412894436980338e+00 -5.001238683310940125e+00
5.003005919760444620e+00 -5.009017759281332971e+00
5.012980345573436303e+00 -5.038941036720308908e+00
5.040893704495531757e+00 -5.122681113486594384e+00
5.104087779696604876e+00 -5.312263339089815517e+00
5.226791566958132407e+00 -5.680374700874396332e+00
5.438459756377664434e+00 -6.315379269132992412e+00
5.770254034924453101e+00 -7.310762104773360193e+00
6.250000000000008882e+00 -8.750000000000026645e+00
6.896347943377572065e+00 -1.068904383013271797e+01
7.713144839937449149e+00 -1.313943451981234922e+01
8.685121676071601016e+00 -1.605536502821480482e+01
9.775883378929506762e+00 -1.932765013678852029e+01
1.092886844455535389e+01 -2.278660533366606344e+01
1.207147315676270694e+01 -2.621441947028812436e+01
1.312199408023960778e+01 -2.936598224071882157e+01
1.399853162492483349e+01 -3.199559487477450048e+01
1.462861355394061391e+01 -3.388584066182184529e+01
1.495811557101574074e+01 -3.487434671304722400e+01
1.495811557101572831e+01 -3.487434671304718137e+01
1.462861355394058904e+01 -3.388584066182176002e+01
1.399853162492479086e+01 -3.199559487477437614e+01
1.312199408023955804e+01 -2.936598224071867236e+01
1.207147315676264654e+01 -2.621441947028794317e+01
1.092886844455528994e+01 -2.278660533366586805e+01
9.775883378929446366e+00 -1.932765013678833554e+01
8.685121676071542396e+00 -1.605536502821463074e+01
7.713144839937315034e+00 -1.313943451981194421e+01
6.896347943377532985e+00 -1.068904383013259718e+01
6.249999999999977796e+00 -8.749999999999934275e+00
5.770254034924430897e+00 -7.310762104773291803e+00
5.438459756377649335e+00 -6.315379269132948004e+00
5.226791566958138624e+00 -5.680374700874414984e+00
5.104087779696600435e+00 -5.312263339089801306e+00
5.040893704495529093e+00 -5.122681113486587279e+00
5.012980345573437191e+00 -5.038941036720310684e+00
5.003005919760443732e+00 -5.009017759281332083e+00
5.000412894436980338e+00 -5.001238683310940125e+00
5.000019700693478342e+00 -5.000059102080435025e+00
5.000000027328514562e+00 -5.000000081985542799e+00
5.000000027328514562e+00 -5.000000081985542799e+00
5.000019700693478342e+00 -5.000059102080435025e+00
5.000412894436980338e+00 -5.001238683310940125e+00
5.003005919760443732e+00 -5.009017759281332083e+00
5.012980345573437191e+00 -5.038941036720310684e+00
5.040893704495529093e+00 -5.122681113486588167e+00
5.104087779696601324e+00 -5.312263339089803083e+00
5.226791566958139512e+00 -5.680374700874418537e+00
5.438459756377676868e+00 -6.315379269133028828e+00
5.770254034924395370e+00 -7.310762104773186110e+00
6.249999999999982236e+00 -8.749999999999944933e+00
6.896347943377605816e+00 -1.068904383013281745e+01
7.713144839937404740e+00 -1.313943451981221422e+01
8.685121676071647201e+00 -1.605536502821494338e+01
9.775883378929453471e+00 -1.932765013678835686e+01
1.092886844455540540e+01 -2.278660533366621976e+01
1.207147315676275667e+01 -2.621441947028827357e+01
1.312199408023956337e+01 -2.936598224071869012e+01
1.399853162492493830e+01 -3.199559487477481312e+01
1.462861355394058904e+01 -3.388584066182176002e+01
1.495811557101571410e+01 -3.487434671304714584e+01
1.495811557101572120e+01 -3.487434671304716005e+01
1.462861355394056240e+01 -3.388584066182168897e+01
1.399853162492482817e+01 -3.199559487477448272e+01
1.312199408023960245e+01 -2.936598224071880381e+01
1.207147315676269805e+01 -2.621441947028809238e+01
1.092886844455534501e+01 -2.278660533366603502e+01
9.775883378929393075e+00 -1.932765013678817567e+01
8.685121676071592134e+00 -1.605536502821477995e+01
7.713144839937357666e+00 -1.313943451981207211e+01
6.896347943377567624e+00 -1.068904383013270376e+01
6.250000000000005329e+00 -8.750000000000015987e+00
5.770254034924374054e+00 -7.310762104773122161e+00
5.438459756377636900e+00 -6.315379269132911588e+00
5.226791566958146618e+00 -5.680374700874438965e+00
5.104087779696595994e+00 -5.312263339089788872e+00
5.040893704495527317e+00 -5.122681113486581950e+00
5.012980345573436303e+00 -5.038941036720308020e+00
5.003005919760443732e+00 -5.009017759281331195e+00
5.000412894436980338e+00 -5.001238683310940125e+00
5.000019700693478342e+00 -5.000059102080435025e+00
5.000000027328514562e+00 -5.000000081985542799e+00
5.000000027328514562e+00 -5.000000081985542799e+00
5.000019700693478342e+00 -5.000059102080435025e+00
5.000412894436980338e+00 -5.001238683310940125e+00
5.003005919760443732e+00 -5.009017759281331195e+00
5.012980345573438079e+00 -5.038941036720313349e+00
5.040893704495531757e+00 -5.122681113486594384e+00
5.104087779696604876e+00 -5.312263339089814629e+00
5.226791566958146618e+00 -5.680374700874440741e+00
5.438459756377663545e+00 -6.315379269132989748e+00
5.770254034924414022e+00 -7.310762104773242953e+00
6.250000000000007105e+00 -8.750000000000023093e+00
6.896347943377571177e+00 -1.068904383013271264e+01
7.713144839937362107e+00 -1.313943451981208632e+01
8.685121676071599239e+00 -1.605536502821479417e+01
9.775883378929394851e+00 -1.932765013678818633e+01
1.092886844455545692e+01 -2.278660533366637253e+01
1.207147315676280641e+01 -2.621441947028842279e+01
1.312199408023951364e+01 -2.936598224071853735e+01
1.399853162492490100e+01 -3.199559487477470299e+01
1.462861355394061391e+01 -3.388584066182184529e+01
1.495811557101572120e+01 -3.487434671304716005e+01
1.495811557101570166e+01 -3.487434671304710321e+01
