1.500000000000000000e+01 -3.500000000000000000e+01
1.483339627999880861e+01 -3.450018883999642583e+01
1.434828579204587840e+01 -3.304485737613763519e+01
1.358687273863906420e+01 -3.076061821591719081e+01
1.261347088343187117e+01 -2.784041265029561174e+01
1.150645901159600193e+01 -2.451937703478800756e+01
1.034882892382521824e+01 -2.104648677147565650e+01
9.218750000000001776e+00 -1.765625000000000711e+01
8.181511020817048063e+00 -1.454453306245114064e+01
7.283909687522333698e+00 -1.185172906256700109e+01
6.551701722652899740e+00 -9.655105167958698331e+00
5.990182679002868049e+00 -7.970548037008605036e+00
5.587457057843594477e+00 -6.762371173530782542e+00
5.319544459821105242e+00 -5.958633379463314839e+00
5.156250000000000000e+00 -5.468750000000000888e+00
5.066717573838602995e+00 -5.200152721515808985e+00
5.023778839353088443e+00 -5.071336518059266218e+00
5.006557957942113113e+00 -5.019673873826338450e+00
5.001214018331187283e+00 -5.003642054993562738e+00
5.000109611639101281e+00 -5.000328834917304732e+00
5.000001741699217739e+00 -5.000005225097653216e+00
5.000000000000000000e+00 -5.000000000000000000e+00
5.000001741699217739e+00 -5.000005225097653216e+00
5.000109611639101281e+00 -5.000328834917304732e+00
5.001214018331187283e+00 -5.003642054993562738e+00
5.006557957942113113e+00 -5.019673873826338450e+00
5.023778839353088443e+00 -5.071336518059266218e+00
5.066717573838602995e+00 -5.200152721515808985e+00
5.156250000000000000e+00 -5.468749999999999112e+00
5.319544459821105242e+00 -5.958633379463314839e+00
5.587457057843594477e+00 -6.762371173530782542e+00
5.990182679002867161e+00 -7.970548037008601483e+00
6.551701722652897075e+00 -9.655105167958691226e+00
7.283909687522333698e+00 -1.185172906256700109e+01
8.181511020817049840e+00 -1.454453306245114774e+01
9.218749999999996447e+00 -1.765624999999998579e+01
1.034882892382521469e+01 -2.104648677147564584e+01
1.150645901159599660e+01 -2.451937703478799335e+01
1.261347088343186051e+01 -2.784041265029558332e+01
1.358687273863906952e+01 -3.076061821591720857e+01
1.434828579204587840e+01 -3.304485737613763519e+01
1.483339627999880861e+01 -3.450018883999642583e+01
1.500000000000000000e+01 -3.500000000000000000e+01
1.483339627999880861e+01 -3.450018883999642583e+01
1.434828579204587840e+01 -3.304485737613763519e+01
1.358687273863906420e+01 -3.076061821591719081e+01
1.261347088343186584e+01 -2.784041265029559753e+01
1.150645901159601081e+01 -2.451937703478803243e+01
1.034882892382521469e+01 -2.104648677147564584e+01
9.218749999999998224e+00 -1.765624999999999289e+01
8.181511020817051616e+00 -1.454453306245115662e+01
7.283909687522330145e+00 -1.185172906256698866e+01
6.551701722652902404e+00 -9.655105167958707213e+00
5.990182679002868049e+00 -7.970548037008605036e+00
5.587457057843595365e+00 -6.762371173530786983e+00
5.319544459821107019e+00 -5.958633379463321056e+00
5.156250000000000888e+00 -5.468750000000002665e+00
5.066717573838602995e+00 -5.200152721515809873e+00
5.023778839353088443e+00 -5.071336518059266218e+00
5.006557957942113113e+00 -5.019673873826338450e+00
5.001214018331187283e+00 -5.003642054993562738e+00
5.000109611639101281e+00 -5.000328834917304732e+00
5.000001741699217739e+00 -5.000005225097653216e+00
5.000000000000000000e+00 -5.000000000000000000e+00
5.000001741699217739e+00 -5.000005225097653216e+00
5.000109611639101281e+00 -5.000328834917304732e+00
5.001214018331187283e+00 -5.003642054993562738e+00
5.006557957942113113e+00 -5.019673873826338450e+00
5.023778839353089332e+00 -5.071336518059267107e+00
5.066717573838602995e+00 -5.200152721515808985e+00
5.156249999999999112e+00 -5.468749999999996447e+00
5.319544459821106130e+00 -5.958633379463318391e+00
5.587457057843593589e+00 -6.762371173530780766e+00
5.990182679002868937e+00 -7.970548037008607700e+00
6.551701722652895299e+00 -9.655105167958685897e+00
7.283909687522322152e+00 -1.185172906256696557e+01
8.181511020817037405e+00 -1.454453306245111044e+01
9.218750000000005329e+00 -1.765625000000001421e+01
1.034882892382522712e+01 -2.104648677147567781e+01
1.150645901159600193e+01 -2.451937703478800756e+01
1.261347088343186051e+01 -2.784041265029558332e+01
1.358687273863905176e+01 -3.076061821591715528e+01
1.434828579204587840e+01 -3.304485737613763519e+01
1.483339627999880861e+01 -3.450018883999642583e+01
1.500000000000000000e+01 -3.500000000000000000e+01
1.483339627999880861e+01 -3.450018883999642583e+01
1.434828579204588372e+01 -3.304485737613765650e+01
1.358687273863906420e+01 -3.076061821591719081e+01
1.261347088343186584e+01 -2.784041265029559753e+01
1.150645901159601081e+01 -2.451937703478803243e+01
1.034882892382522357e+01 -2.104648677147566715e+01
9.218750000000010658e+00 -1.765625000000003553e+01
8.181511020817042734e+00 -1.454453306245112643e+01
7.283909687522337251e+00 -1.185172906256701353e+01
6.551701722652906845e+00 -9.655105167958719647e+00
5.990182679002872490e+00 -7.970548037008616582e+00
5.587457057843591812e+00 -6.762371173530775437e+00
5.319544459821105242e+00 -5.958633379463314839e+00
5.156249999999999112e+00 -5.468749999999998224e+00
5.066717573838602995e+00 -5.200152721515809873e+00
5.023778839353089332e+00 -5.071336518059267107e+00
5.006557957942113113e+00 -5.019673873826338450e+00
5.001214018331187283e+00 -5.003642054993562738e+00
5.000109611639101281e+00 -5.000328834917304732e+00
5.000001741699217739e+00 -5.000005225097653216e+00
5.000000000000000000e+00 -5.000000000000000000e+00
5.000001741699217739e+00 -5.000005225097653216e+00
5.000109611639101281e+00 -5.000328834917304732e+00
5.001214018331187283e+00 -5.003642054993562738e+00
5.006557957942113113e+00 -5.019673873826338450e+00
5.023778839353088443e+00 -5.071336518059264442e+00
5.066717573838603883e+00 -5.200152721515812537e+00
5.156249999999998224e+00 -5.468749999999995559e+00
5.319544459821106130e+00 -5.958633379463317503e+00
5.587457057843593589e+00 -6.762371173530778989e+00
5.990182679002862720e+00 -7.970548037008587272e+00
6.551701722652900628e+00 -9.655105167958701884e+00
7.283909687522330145e+00 -1.185172906256698866e+01
8.181511020817056945e+00 -1.454453306245117084e+01
9.218749999999978684e+00 -1.765624999999993605e+01
1.034882892382521113e+01 -2.104648677147563163e+01
1.150645901159598772e+01 -2.451937703478796138e+01
1.261347088343187117e+01 -2.784041265029561174e+01
1.358687273863905709e+01 -3.076061821591717305e+01
1.434828579204587129e+01 -3.304485737613761387e+01
1.483339627999880861e+01 -3.450018883999642583e+01
1.500000000000000000e+01 -3.500000000000000000e+01
1.483339627999880861e+01 -3.450018883999642583e+01
1.434828579204589083e+01 -3.304485737613767071e+01
1.358687273863906952e+01 -3.076061821591720857e+01
1.261347088343185519e+01 -2.784041265029556556e+01
1.150645901159599660e+01 -2.451937703478799335e+01
1.034882892382522357e+01 -2.104648677147566715e+01
9.218750000000014211e+00 -1.765625000000004263e+01
8.181511020817044511e+00 -1.454453306245113353e+01
7.283909687522337251e+00 -1.185172906256701353e+01
6.551701722652892634e+00 -9.655105167958677015e+00
5.990182679002867161e+00 -7.970548037008601483e+00
5.587457057843596253e+00 -6.762371173530788759e+00
5.319544459821107907e+00 -5.958633379463322832e+00
5.156250000000002665e+00 -5.468750000000007105e+00
5.066717573838602995e+00 -5.200152721515809873e+00
5.023778839353088443e+00 -5.071336518059265330e+00
5.006557957942113113e+00 -5.019673873826338450e+00
5.001214018331187283e+00 -5.003642054993562738e+00
5.000109611639101281e+00 -5.000328834917304732e+00
5.000001741699217739e+00 -5.000005225097653216e+00
5.000000000000000000e+00 -5.000000000000000000e+00
5.000001741699217739e+00 -5.000005225097653216e+00
5.000109611639101281e+00 -5.000328834917304732e+00
5.001214018331187283e+00 -5.003642054993561850e+00
5.006557957942113113e+00 -5.019673873826339339e+00
5.023778839353088443e+00 -5.071336518059264442e+00
5.066717573838602995e+00 -5.200152721515808096e+00
5.156250000000000888e+00 -5.468750000000003553e+00
5.319544459821099913e+00 -5.958633379463300628e+00
5.587457057843600694e+00 -6.762371173530802082e+00
5.990182679002861832e+00 -7.970548037008583719e+00
6.551701722652900628e+00 -9.655105167958701884e+00
7.283909687522308829e+00 -1.185172906256692471e+01
8.181511020817032076e+00 -1.454453306245109445e+01
9.218750000000001776e+00 -1.765625000000000711e+01
1.034882892382518271e+01 -2.104648677147554992e+01
1.150645901159601081e+01 -2.451937703478803243e+01
1.261347088343187117e+01 -2.784041265029561174e+01
1.358687273863905709e+01 -3.076061821591717305e+01
1.434828579204588372e+01 -3.304485737613765650e+01
1.483339627999880150e+01 -3.450018883999640451e+01
1.500000000000000000e+01 -3.500000000000000000e+01
1.483339627999880861e+01 -3.450018883999642583e+01
1.434828579204587840e+01 -3.304485737613763519e+01
1.358687273863906952e+01 -3.076061821591720857e+01
1.261347088343188183e+01 -2.784041265029564727e+01
1.150645901159600193e+01 -2.451937703478800756e+01
1.034882892382522712e+01 -2.104648677147567781e+01
9.218750000000014211e+00 -1.765625000000004263e+01
8.181511020817044511e+00 -1.454453306245113353e+01
7.283909687522358567e+00 -1.185172906256707748e+01
6.551701722652909510e+00 -9.655105167958728529e+00
5.990182679002868049e+00 -7.970548037008605036e+00
5.587457057843597141e+00 -6.762371173530790536e+00
5.319544459821107907e+00 -5.958633379463324609e+00
5.156250000000002665e+00 -5.468750000000007994e+00
5.066717573838603883e+00 -5.200152721515810761e+00
5.023778839353088443e+00 -5.071336518059265330e+00
5.006557957942113113e+00 -5.019673873826338450e+00
5.001214018331187283e+00 -5.003642054993562738e+00
5.000109611639101281e+00 -5.000328834917304732e+00
5.000001741699217739e+00 -5.000005225097653216e+00
5.000000000000000000e+00 -5.000000000000000000e+00
5.000001741699217739e+00 -5.000005225097653216e+00
5.000109611639101281e+00 -5.000328834917304732e+00
5.001214018331187283e+00 -5.003642054993562738e+00
5.006557957942113113e+00 -5.019673873826338450e+00
5.023778839353088443e+00 -5.071336518059266218e+00
5.066717573838601218e+00 -5.200152721515803655e+00
5.156250000000000888e+00 -5.468750000000003553e+00
5.319544459821109683e+00 -5.958633379463329938e+00
5.587457057843591812e+00 -6.762371173530775437e+00
5.990182679002872490e+00 -7.970548037008616582e+00
6.551701722652883753e+00 -9.655105167958652146e+00
7.283909687522328369e+00 -1.185172906256698333e+01
8.181511020817055169e+00 -1.454453306245116551e+01
9.218749999999998224e+00 -1.765624999999999289e+01
1.034882892382523423e+01 -2.104648677147570268e+01
1.150645901159595574e+01 -2.451937703478786545e+01
1.261347088343189249e+01 -2.784041265029567569e+01
1.358687273863907485e+01 -3.076061821591722634e+01
1.434828579204587129e+01 -3.304485737613761387e+01
1.483339627999880861e+01 -3.450018883999642583e+01
