1.142999999999999794e+01 -2.386999999999999744e+01
1.107783643100193771e+01 -2.261277307898593847e+01
1.011481291102224134e+01 -1.918670056540566549e+01
9.223938967330207461e+00 -1.611730756197531633e+01
8.542178982005237842e+00 -1.391103939823881852e+01
8.058907982811614801e+00 -1.252240051732838921e+01
7.652576287372633068e+00 -1.143092174867662791e+01
7.288758985644541610e+00 -1.048919748803193919e+01
6.967260688594875795e+00 -9.692959704516143304e+00
6.684131631154071052e+00 -8.955930683021700034e+00
6.437820004560129483e+00 -8.244213087400463991e+00
6.228099053945449270e+00 -7.557905214113545433e+00
6.044538055400345833e+00 -6.901528700372058012e+00
5.881468137234769245e+00 -6.277540957703783064e+00
5.739132423861501131e+00 -5.686875376593675924e+00
5.671504534917866991e+00 -5.336744644703501628e+00
5.719672496163805242e+00 -5.384891753991983165e+00
5.883636307599320325e+00 -5.831316704459117872e+00
6.220988180435011117e+00 -6.848088077221595960e+00
6.794973338879533031e+00 -8.624163992887025287e+00
7.605626043617725429e+00 -1.115964681230080835e+01
8.561363672881453724e+00 -1.417165661184295722e+01
9.519427048545647807e+00 -1.721923958800354981e+01
1.047814373412805544e+01 -2.029722992771428025e+01
1.143264202035772747e+01 -2.339162138451627726e+01
1.237237324749091805e+01 -2.647208638343239784e+01
1.329697505698682747e+01 -2.953758313753601072e+01
1.408423802015029125e+01 -3.217787545604011257e+01
1.436826042300455164e+01 -3.316469374512600155e+01
1.412448412827319189e+01 -3.241560053006956110e+01
1.346646259629598674e+01 -3.030780902524633191e+01
1.286912181959806389e+01 -2.841897577846065559e+01
1.238496891824051893e+01 -2.692352418003976666e+01
1.198093933849872528e+01 -2.569423422568225490e+01
1.145864575802488261e+01 -2.396778588957973355e+01
1.078502362309433771e+01 -2.161695916743077817e+01
9.981826810181413379e+00 -1.873704028772106867e+01
9.245818755631692198e+00 -1.618989153855286744e+01
8.624045040055719369e+00 -1.418158175315638658e+01
8.113849910249765429e+00 -1.269613810077764171e+01
7.675664214929832418e+00 -1.149557485456113959e+01
7.296272046141247358e+00 -1.050040591590263439e+01
6.975104675672473498e+00 -9.706277401568414120e+00
6.695605793365214886e+00 -8.986442932977150022e+00
6.450129164375377755e+00 -8.282366968875606972e+00
6.238582390456204330e+00 -7.594179242790819018e+00
6.053078357264920051e+00 -6.932953808589428668e+00
5.888557336809363107e+00 -6.305794874211178680e+00
5.745046159140796860e+00 -5.712805528627232121e+00
5.672073098885601183e+00 -5.344288012592094184e+00
5.714739472212222005e+00 -5.373534886619473205e+00
5.873045279120662876e+00 -5.800546150709378956e+00
6.199360981142482352e+00 -6.781838866305490932e+00
6.762480912360554264e+00 -8.523015327138566022e+00
7.562714957162654628e+00 -1.102500166966689221e+01
8.517082632632053674e+00 -1.403144131933827943e+01
9.472899850202017191e+00 -1.707063817897684288e+01
1.042684739055588139e+01 -2.013233798560052890e+01
1.137931521460795281e+01 -2.321887032786847627e+01
1.233129587636076430e+01 -2.633616462707143313e+01
1.328283847599189116e+01 -2.948451420290533065e+01
1.410728013519703516e+01 -3.224337955811912337e+01
1.435739143181546851e+01 -3.312789283822174013e+01
1.399407888488906337e+01 -3.200825790208630650e+01
1.320112369779000971e+01 -2.947838919974775251e+01
1.289499999999999602e+01 -2.850000000000000355e+01
